g =

   0.50000
   0.50000
   0.50000
   0.50000
   0.50000
   0.50000
   0.50000
   0.50000
   0.50000
   0.50000
   0.50000
   0.50000
   0.50000
   0.50000
   0.50000
   0.50000
   0.50000
   0.50000
   0.50000
   0.50000
   0.50000
   0.50000
   0.50000
   0.50000
   0.50000
   0.50000
   0.50000
   0.50000
   0.50000
   0.50000
   0.50000
   0.50000
   0.50000
   0.50000
   0.50000
   0.50000
   0.50000
   0.50000
   0.50000
   0.50000
   0.50000
   0.50000
   0.50000
   0.50000
   0.50000
   0.50000
   0.50000
   0.50000
   0.50000
   0.50000
   0.50000
   0.50000
   0.50000
   0.50000
   0.50000
   0.50000
   0.50000
   0.50000
   0.50000
   0.50000
   0.50000
   0.50000
   0.50000
   0.50000
   0.50000
   0.50000
   0.50000
   0.50000
   0.50000
   0.50000
   0.50000
   0.50000
   0.50000
   0.50000
   0.50000
   0.50000
   0.50000
   0.50000
   0.50000
   0.50000
   0.50000
   0.50000
   0.50000
   0.50000
   0.50000
   0.50000
   0.50000
   0.50000
   0.50000
   0.50000
   0.50000
   0.50000
   0.50000
   0.50000
   0.50000
   0.50000
   0.50000
   0.50000
   0.50000
   0.50000

g =

   0.50000
   0.50000
   0.50000
   0.50000
   0.50000
   0.50000
   0.50000
   0.50000
   0.50000
   0.50000
   0.50000
   0.50000
   0.50000
   0.50000
   0.50000
   0.50000
   0.50000
   0.50000
   0.50000
   0.50000
   0.50000
   0.50000
   0.50000
   0.50000
   0.50000
   0.50000
   0.50000
   0.50000
   0.50000
   0.50000
   0.50000
   0.50000
   0.50000
   0.50000
   0.50000
   0.50000
   0.50000
   0.50000
   0.50000
   0.50000
   0.50000
   0.50000
   0.50000
   0.50000
   0.50000
   0.50000
   0.50000
   0.50000
   0.50000
   0.50000
   0.50000
   0.50000
   0.50000
   0.50000
   0.50000
   0.50000
   0.50000
   0.50000
   0.50000
   0.50000
   0.50000
   0.50000
   0.50000
   0.50000
   0.50000
   0.50000
   0.50000
   0.50000
   0.50000
   0.50000
   0.50000
   0.50000
   0.50000
   0.50000
   0.50000
   0.50000
   0.50000
   0.50000
   0.50000
   0.50000
   0.50000
   0.50000
   0.50000
   0.50000
   0.50000
   0.50000
   0.50000
   0.50000
   0.50000
   0.50000
   0.50000
   0.50000
   0.50000
   0.50000
   0.50000
   0.50000
   0.50000
   0.50000
   0.50000
   0.50000

grad =

   -0.10000  -12.00922  -11.26284

